Satellite_1150_1_1
1 00001U 00000A   23121.00000000  .00000000  00000+0  12222-5 0  9993
2 00001  50.0000   0.0000 0002000  90.0000   0.0000 13.31034704  9992
Satellite_1150_1_2
1 00002U 00000A   23121.00000000  .00000000  00000+0  12222-5 0  9994
2 00002  50.0000   0.0000 0002000  90.0000  20.0000 13.31034704  9995
Satellite_1150_1_3
1 00003U 00000A   23121.00000000  .00000000  00000+0  12222-5 0  9995
2 00003  50.0000   0.0000 0002000  90.0000  40.0000 13.31034704  9998
Satellite_1150_1_4
1 00004U 00000A   23121.00000000  .00000000  00000+0  12222-5 0  9996
2 00004  50.0000   0.0000 0002000  90.0000  60.0000 13.31034704  9991
Satellite_1150_1_5
1 00005U 00000A   23121.00000000  .00000000  00000+0  12222-5 0  9997
2 00005  50.0000   0.0000 0002000  90.0000  80.0000 13.31034704  9994
Satellite_1150_1_6
1 00006U 00000A   23121.00000000  .00000000  00000+0  12222-5 0  9998
2 00006  50.0000   0.0000 0002000  90.0000 100.0000 13.31034704  9998
Satellite_1150_1_7
1 00007U 00000A   23121.00000000  .00000000  00000+0  12222-5 0  9999
2 00007  50.0000   0.0000 0002000  90.0000 120.0000 13.31034704  9991
Satellite_1150_1_8
1 00008U 00000A   23121.00000000  .00000000  00000+0  12222-5 0  9990
2 00008  50.0000   0.0000 0002000  90.0000 140.0000 13.31034704  9994
Satellite_1150_1_9
1 00009U 00000A   23121.00000000  .00000000  00000+0  12222-5 0  9991
2 00009  50.0000   0.0000 0002000  90.0000 160.0000 13.31034704  9997
Satellite_1150_1_10
1 00010U 00000A   23121.00000000  .00000000  00000+0  12222-5 0  9993
2 00010  50.0000   0.0000 0002000  90.0000 180.0000 13.31034704  9991
Satellite_1150_1_11
1 00011U 00000A   23121.00000000  .00000000  00000+0  12222-5 0  9994
2 00011  50.0000   0.0000 0002000  90.0000 200.0000 13.31034704  9995
Satellite_1150_1_12
1 00012U 00000A   23121.00000000  .00000000  00000+0  12222-5 0  9995
2 00012  50.0000   0.0000 0002000  90.0000 220.0000 13.31034704  9998
Satellite_1150_1_13
1 00013U 00000A   23121.00000000  .00000000  00000+0  12222-5 0  9996
2 00013  50.0000   0.0000 0002000  90.0000 240.0000 13.31034704  9991
Satellite_1150_1_14
1 00014U 00000A   23121.00000000  .00000000  00000+0  12222-5 0  9997
2 00014  50.0000   0.0000 0002000  90.0000 260.0000 13.31034704  9994
Satellite_1150_1_15
1 00015U 00000A   23121.00000000  .00000000  00000+0  12222-5 0  9998
2 00015  50.0000   0.0000 0002000  90.0000 280.0000 13.31034704  9997
Satellite_1150_1_16
1 00016U 00000A   23121.00000000  .00000000  00000+0  12222-5 0  9999
2 00016  50.0000   0.0000 0002000  90.0000 300.0000 13.31034704  9991
Satellite_1150_1_17
1 00017U 00000A   23121.00000000  .00000000  00000+0  12222-5 0  9990
2 00017  50.0000   0.0000 0002000  90.0000 320.0000 13.31034704  9994
Satellite_1150_1_18
1 00018U 00000A   23121.00000000  .00000000  00000+0  12222-5 0  9991
2 00018  50.0000   0.0000 0002000  90.0000 340.0000 13.31034704  9997
Satellite_1150_2_1
1 00101U 00000A   23121.00000000  .00000000  00000+0  12222-5 0  9994
2 00101  50.0000  15.0000 0002000  80.0000   4.1667 13.31034704  9992
Satellite_1150_2_2
1 00102U 00000A   23121.00000000  .00000000  00000+0  12222-5 0  9995
2 00102  50.0000  15.0000 0002000  80.0000  24.1667 13.31034704  9995
Satellite_1150_2_3
1 00103U 00000A   23121.00000000  .00000000  00000+0  12222-5 0  9996
2 00103  50.0000  15.0000 0002000  80.0000  44.1667 13.31034704  9998
Satellite_1150_2_4
1 00104U 00000A   23121.00000000  .00000000  00000+0  12222-5 0  9997
2 00104  50.0000  15.0000 0002000  80.0000  64.1667 13.31034704  9991
Satellite_1150_2_5
1 00105U 00000A   23121.00000000  .00000000  00000+0  12222-5 0  9998
2 00105  50.0000  15.0000 0002000  80.0000  84.1667 13.31034704  9994
Satellite_1150_2_6
1 00106U 00000A   23121.00000000  .00000000  00000+0  12222-5 0  9999
2 00106  50.0000  15.0000 0002000  80.0000 104.1667 13.31034704  9998
Satellite_1150_2_7
1 00107U 00000A   23121.00000000  .00000000  00000+0  12222-5 0  9990
2 00107  50.0000  15.0000 0002000  80.0000 124.1667 13.31034704  9991
Satellite_1150_2_8
1 00108U 00000A   23121.00000000  .00000000  00000+0  12222-5 0  9991
2 00108  50.0000  15.0000 0002000  80.0000 144.1667 13.31034704  9994
Satellite_1150_2_9
1 00109U 00000A   23121.00000000  .00000000  00000+0  12222-5 0  9992
2 00109  50.0000  15.0000 0002000  80.0000 164.1667 13.31034704  9997
Satellite_1150_2_10
1 00110U 00000A   23121.00000000  .00000000  00000+0  12222-5 0  9994
2 00110  50.0000  15.0000 0002000  80.0000 184.1667 13.31034704  9991
Satellite_1150_2_11
1 00111U 00000A   23121.00000000  .00000000  00000+0  12222-5 0  9995
2 00111  50.0000  15.0000 0002000  80.0000 204.1667 13.31034704  9995
Satellite_1150_2_12
1 00112U 00000A   23121.00000000  .00000000  00000+0  12222-5 0  9996
2 00112  50.0000  15.0000 0002000  80.0000 224.1667 13.31034704  9998
Satellite_1150_2_13
1 00113U 00000A   23121.00000000  .00000000  00000+0  12222-5 0  9997
2 00113  50.0000  15.0000 0002000  80.0000 244.1667 13.31034704  9991
Satellite_1150_2_14
1 00114U 00000A   23121.00000000  .00000000  00000+0  12222-5 0  9998
2 00114  50.0000  15.0000 0002000  80.0000 264.1667 13.31034704  9994
Satellite_1150_2_15
1 00115U 00000A   23121.00000000  .00000000  00000+0  12222-5 0  9999
2 00115  50.0000  15.0000 0002000  80.0000 284.1667 13.31034704  9997
Satellite_1150_2_16
1 00116U 00000A   23121.00000000  .00000000  00000+0  12222-5 0  9990
2 00116  50.0000  15.0000 0002000  80.0000 304.1667 13.31034704  9991
Satellite_1150_2_17
1 00117U 00000A   23121.00000000  .00000000  00000+0  12222-5 0  9991
2 00117  50.0000  15.0000 0002000  80.0000 324.1667 13.31034704  9994
Satellite_1150_2_18
1 00118U 00000A   23121.00000000  .00000000  00000+0  12222-5 0  9992
2 00118  50.0000  15.0000 0002000  80.0000 344.1667 13.31034704  9997
Satellite_1150_3_1
1 00201U 00000A   23121.00000000  .00000000  00000+0  12222-5 0  9995
2 00201  50.0000  30.0000 0002000  90.0000   8.3333 13.31034704  9997
Satellite_1150_3_2
1 00202U 00000A   23121.00000000  .00000000  00000+0  12222-5 0  9996
2 00202  50.0000  30.0000 0002000  90.0000  28.3333 13.31034704  9990
Satellite_1150_3_3
1 00203U 00000A   23121.00000000  .00000000  00000+0  12222-5 0  9997
2 00203  50.0000  30.0000 0002000  90.0000  48.3333 13.31034704  9993
Satellite_1150_3_4
1 00204U 00000A   23121.00000000  .00000000  00000+0  12222-5 0  9998
2 00204  50.0000  30.0000 0002000  90.0000  68.3333 13.31034704  9996
Satellite_1150_3_5
1 00205U 00000A   23121.00000000  .00000000  00000+0  12222-5 0  9999
2 00205  50.0000  30.0000 0002000  90.0000  88.3333 13.31034704  9999
Satellite_1150_3_6
1 00206U 00000A   23121.00000000  .00000000  00000+0  12222-5 0  9990
2 00206  50.0000  30.0000 0002000  90.0000 108.3333 13.31034704  9993
Satellite_1150_3_7
1 00207U 00000A   23121.00000000  .00000000  00000+0  12222-5 0  9991
2 00207  50.0000  30.0000 0002000  90.0000 128.3333 13.31034704  9996
Satellite_1150_3_8
1 00208U 00000A   23121.00000000  .00000000  00000+0  12222-5 0  9992
2 00208  50.0000  30.0000 0002000  90.0000 148.3333 13.31034704  9999
Satellite_1150_3_9
1 00209U 00000A   23121.00000000  .00000000  00000+0  12222-5 0  9993
2 00209  50.0000  30.0000 0002000  90.0000 168.3333 13.31034704  9992
Satellite_1150_3_10
1 00210U 00000A   23121.00000000  .00000000  00000+0  12222-5 0  9995
2 00210  50.0000  30.0000 0002000  90.0000 188.3333 13.31034704  9996
Satellite_1150_3_11
1 00211U 00000A   23121.00000000  .00000000  00000+0  12222-5 0  9996
2 00211  50.0000  30.0000 0002000  90.0000 208.3333 13.31034704  9990
Satellite_1150_3_12
1 00212U 00000A   23121.00000000  .00000000  00000+0  12222-5 0  9997
2 00212  50.0000  30.0000 0002000  90.0000 228.3333 13.31034704  9993
Satellite_1150_3_13
1 00213U 00000A   23121.00000000  .00000000  00000+0  12222-5 0  9998
2 00213  50.0000  30.0000 0002000  90.0000 248.3333 13.31034704  9996
Satellite_1150_3_14
1 00214U 00000A   23121.00000000  .00000000  00000+0  12222-5 0  9999
2 00214  50.0000  30.0000 0002000  90.0000 268.3333 13.31034704  9999
Satellite_1150_3_15
1 00215U 00000A   23121.00000000  .00000000  00000+0  12222-5 0  9990
2 00215  50.0000  30.0000 0002000  90.0000 288.3333 13.31034704  9992
Satellite_1150_3_16
1 00216U 00000A   23121.00000000  .00000000  00000+0  12222-5 0  9991
2 00216  50.0000  30.0000 0002000  90.0000 308.3333 13.31034704  9996
Satellite_1150_3_17
1 00217U 00000A   23121.00000000  .00000000  00000+0  12222-5 0  9992
2 00217  50.0000  30.0000 0002000  90.0000 328.3333 13.31034704  9999
Satellite_1150_3_18
1 00218U 00000A   23121.00000000  .00000000  00000+0  12222-5 0  9993
2 00218  50.0000  30.0000 0002000  90.0000 348.3333 13.31034704  9992
Satellite_1150_4_1
1 00301U 00000A   23121.00000000  .00000000  00000+0  12222-5 0  9996
2 00301  50.0000  45.0000 0002000  80.0000  12.5000 13.31034704  9991
Satellite_1150_4_2
1 00302U 00000A   23121.00000000  .00000000  00000+0  12222-5 0  9997
2 00302  50.0000  45.0000 0002000  80.0000  32.5000 13.31034704  9994
Satellite_1150_4_3
1 00303U 00000A   23121.00000000  .00000000  00000+0  12222-5 0  9998
2 00303  50.0000  45.0000 0002000  80.0000  52.5000 13.31034704  9997
Satellite_1150_4_4
1 00304U 00000A   23121.00000000  .00000000  00000+0  12222-5 0  9999
2 00304  50.0000  45.0000 0002000  80.0000  72.5000 13.31034704  9990
Satellite_1150_4_5
1 00305U 00000A   23121.00000000  .00000000  00000+0  12222-5 0  9990
2 00305  50.0000  45.0000 0002000  80.0000  92.5000 13.31034704  9993
Satellite_1150_4_6
1 00306U 00000A   23121.00000000  .00000000  00000+0  12222-5 0  9991
2 00306  50.0000  45.0000 0002000  80.0000 112.5000 13.31034704  9997
Satellite_1150_4_7
1 00307U 00000A   23121.00000000  .00000000  00000+0  12222-5 0  9992
2 00307  50.0000  45.0000 0002000  80.0000 132.5000 13.31034704  9990
Satellite_1150_4_8
1 00308U 00000A   23121.00000000  .00000000  00000+0  12222-5 0  9993
2 00308  50.0000  45.0000 0002000  80.0000 152.5000 13.31034704  9993
Satellite_1150_4_9
1 00309U 00000A   23121.00000000  .00000000  00000+0  12222-5 0  9994
2 00309  50.0000  45.0000 0002000  80.0000 172.5000 13.31034704  9996
Satellite_1150_4_10
1 00310U 00000A   23121.00000000  .00000000  00000+0  12222-5 0  9996
2 00310  50.0000  45.0000 0002000  80.0000 192.5000 13.31034704  9990
Satellite_1150_4_11
1 00311U 00000A   23121.00000000  .00000000  00000+0  12222-5 0  9997
2 00311  50.0000  45.0000 0002000  80.0000 212.5000 13.31034704  9994
Satellite_1150_4_12
1 00312U 00000A   23121.00000000  .00000000  00000+0  12222-5 0  9998
2 00312  50.0000  45.0000 0002000  80.0000 232.5000 13.31034704  9997
Satellite_1150_4_13
1 00313U 00000A   23121.00000000  .00000000  00000+0  12222-5 0  9999
2 00313  50.0000  45.0000 0002000  80.0000 252.5000 13.31034704  9990
Satellite_1150_4_14
1 00314U 00000A   23121.00000000  .00000000  00000+0  12222-5 0  9990
2 00314  50.0000  45.0000 0002000  80.0000 272.5000 13.31034704  9993
Satellite_1150_4_15
1 00315U 00000A   23121.00000000  .00000000  00000+0  12222-5 0  9991
2 00315  50.0000  45.0000 0002000  80.0000 292.5000 13.31034704  9996
Satellite_1150_4_16
1 00316U 00000A   23121.00000000  .00000000  00000+0  12222-5 0  9992
2 00316  50.0000  45.0000 0002000  80.0000 312.5000 13.31034704  9990
Satellite_1150_4_17
1 00317U 00000A   23121.00000000  .00000000  00000+0  12222-5 0  9993
2 00317  50.0000  45.0000 0002000  80.0000 332.5000 13.31034704  9993
Satellite_1150_4_18
1 00318U 00000A   23121.00000000  .00000000  00000+0  12222-5 0  9994
2 00318  50.0000  45.0000 0002000  80.0000 352.5000 13.31034704  9996
Satellite_1150_5_1
1 00401U 00000A   23121.00000000  .00000000  00000+0  12222-5 0  9997
2 00401  50.0000  60.0000 0002000  90.0000  16.6667 13.31034704  9994
Satellite_1150_5_2
1 00402U 00000A   23121.00000000  .00000000  00000+0  12222-5 0  9998
2 00402  50.0000  60.0000 0002000  90.0000  36.6667 13.31034704  9997
Satellite_1150_5_3
1 00403U 00000A   23121.00000000  .00000000  00000+0  12222-5 0  9999
2 00403  50.0000  60.0000 0002000  90.0000  56.6667 13.31034704  9990
Satellite_1150_5_4
1 00404U 00000A   23121.00000000  .00000000  00000+0  12222-5 0  9990
2 00404  50.0000  60.0000 0002000  90.0000  76.6667 13.31034704  9993
Satellite_1150_5_5
1 00405U 00000A   23121.00000000  .00000000  00000+0  12222-5 0  9991
2 00405  50.0000  60.0000 0002000  90.0000  96.6667 13.31034704  9996
Satellite_1150_5_6
1 00406U 00000A   23121.00000000  .00000000  00000+0  12222-5 0  9992
2 00406  50.0000  60.0000 0002000  90.0000 116.6667 13.31034704  9990
Satellite_1150_5_7
1 00407U 00000A   23121.00000000  .00000000  00000+0  12222-5 0  9993
2 00407  50.0000  60.0000 0002000  90.0000 136.6667 13.31034704  9993
Satellite_1150_5_8
1 00408U 00000A   23121.00000000  .00000000  00000+0  12222-5 0  9994
2 00408  50.0000  60.0000 0002000  90.0000 156.6667 13.31034704  9996
Satellite_1150_5_9
1 00409U 00000A   23121.00000000  .00000000  00000+0  12222-5 0  9995
2 00409  50.0000  60.0000 0002000  90.0000 176.6667 13.31034704  9999
Satellite_1150_5_10
1 00410U 00000A   23121.00000000  .00000000  00000+0  12222-5 0  9997
2 00410  50.0000  60.0000 0002000  90.0000 196.6667 13.31034704  9993
Satellite_1150_5_11
1 00411U 00000A   23121.00000000  .00000000  00000+0  12222-5 0  9998
2 00411  50.0000  60.0000 0002000  90.0000 216.6667 13.31034704  9997
Satellite_1150_5_12
1 00412U 00000A   23121.00000000  .00000000  00000+0  12222-5 0  9999
2 00412  50.0000  60.0000 0002000  90.0000 236.6667 13.31034704  9990
Satellite_1150_5_13
1 00413U 00000A   23121.00000000  .00000000  00000+0  12222-5 0  9990
2 00413  50.0000  60.0000 0002000  90.0000 256.6667 13.31034704  9993
Satellite_1150_5_14
1 00414U 00000A   23121.00000000  .00000000  00000+0  12222-5 0  9991
2 00414  50.0000  60.0000 0002000  90.0000 276.6667 13.31034704  9996
Satellite_1150_5_15
1 00415U 00000A   23121.00000000  .00000000  00000+0  12222-5 0  9992
2 00415  50.0000  60.0000 0002000  90.0000 296.6667 13.31034704  9999
Satellite_1150_5_16
1 00416U 00000A   23121.00000000  .00000000  00000+0  12222-5 0  9993
2 00416  50.0000  60.0000 0002000  90.0000 316.6667 13.31034704  9993
Satellite_1150_5_17
1 00417U 00000A   23121.00000000  .00000000  00000+0  12222-5 0  9994
2 00417  50.0000  60.0000 0002000  90.0000 336.6667 13.31034704  9996
Satellite_1150_5_18
1 00418U 00000A   23121.00000000  .00000000  00000+0  12222-5 0  9995
2 00418  50.0000  60.0000 0002000  90.0000 356.6667 13.31034704  9999
Satellite_1150_6_1
1 00501U 00000A   23121.00000000  .00000000  00000+0  12222-5 0  9998
2 00501  50.0000  75.0000 0002000  80.0000  20.8333 13.31034704  9997
Satellite_1150_6_2
1 00502U 00000A   23121.00000000  .00000000  00000+0  12222-5 0  9999
2 00502  50.0000  75.0000 0002000  80.0000  40.8333 13.31034704  9990
Satellite_1150_6_3
1 00503U 00000A   23121.00000000  .00000000  00000+0  12222-5 0  9990
2 00503  50.0000  75.0000 0002000  80.0000  60.8333 13.31034704  9993
Satellite_1150_6_4
1 00504U 00000A   23121.00000000  .00000000  00000+0  12222-5 0  9991
2 00504  50.0000  75.0000 0002000  80.0000  80.8333 13.31034704  9996
Satellite_1150_6_5
1 00505U 00000A   23121.00000000  .00000000  00000+0  12222-5 0  9992
2 00505  50.0000  75.0000 0002000  80.0000 100.8333 13.31034704  9990
Satellite_1150_6_6
1 00506U 00000A   23121.00000000  .00000000  00000+0  12222-5 0  9993
2 00506  50.0000  75.0000 0002000  80.0000 120.8333 13.31034704  9993
Satellite_1150_6_7
1 00507U 00000A   23121.00000000  .00000000  00000+0  12222-5 0  9994
2 00507  50.0000  75.0000 0002000  80.0000 140.8333 13.31034704  9996
Satellite_1150_6_8
1 00508U 00000A   23121.00000000  .00000000  00000+0  12222-5 0  9995
2 00508  50.0000  75.0000 0002000  80.0000 160.8333 13.31034704  9999
Satellite_1150_6_9
1 00509U 00000A   23121.00000000  .00000000  00000+0  12222-5 0  9996
2 00509  50.0000  75.0000 0002000  80.0000 180.8333 13.31034704  9992
Satellite_1150_6_10
1 00510U 00000A   23121.00000000  .00000000  00000+0  12222-5 0  9998
2 00510  50.0000  75.0000 0002000  80.0000 200.8333 13.31034704  9997
Satellite_1150_6_11
1 00511U 00000A   23121.00000000  .00000000  00000+0  12222-5 0  9999
2 00511  50.0000  75.0000 0002000  80.0000 220.8333 13.31034704  9990
Satellite_1150_6_12
1 00512U 00000A   23121.00000000  .00000000  00000+0  12222-5 0  9990
2 00512  50.0000  75.0000 0002000  80.0000 240.8333 13.31034704  9993
Satellite_1150_6_13
1 00513U 00000A   23121.00000000  .00000000  00000+0  12222-5 0  9991
2 00513  50.0000  75.0000 0002000  80.0000 260.8333 13.31034704  9996
Satellite_1150_6_14
1 00514U 00000A   23121.00000000  .00000000  00000+0  12222-5 0  9992
2 00514  50.0000  75.0000 0002000  80.0000 280.8333 13.31034704  9999
Satellite_1150_6_15
1 00515U 00000A   23121.00000000  .00000000  00000+0  12222-5 0  9993
2 00515  50.0000  75.0000 0002000  80.0000 300.8333 13.31034704  9993
Satellite_1150_6_16
1 00516U 00000A   23121.00000000  .00000000  00000+0  12222-5 0  9994
2 00516  50.0000  75.0000 0002000  80.0000 320.8333 13.31034704  9996
Satellite_1150_6_17
1 00517U 00000A   23121.00000000  .00000000  00000+0  12222-5 0  9995
2 00517  50.0000  75.0000 0002000  80.0000 340.8333 13.31034704  9999
Satellite_1150_6_18
1 00518U 00000A   23121.00000000  .00000000  00000+0  12222-5 0  9996
2 00518  50.0000  75.0000 0002000  80.0000 360.8333 13.31034704  9992
Satellite_1150_7_1
1 00601U 00000A   23121.00000000  .00000000  00000+0  12222-5 0  9999
2 00601  50.0000  90.0000 0002000  90.0000  25.0000 13.31034704  9994
Satellite_1150_7_2
1 00602U 00000A   23121.00000000  .00000000  00000+0  12222-5 0  9990
2 00602  50.0000  90.0000 0002000  90.0000  45.0000 13.31034704  9997
Satellite_1150_7_3
1 00603U 00000A   23121.00000000  .00000000  00000+0  12222-5 0  9991
2 00603  50.0000  90.0000 0002000  90.0000  65.0000 13.31034704  9990
Satellite_1150_7_4
1 00604U 00000A   23121.00000000  .00000000  00000+0  12222-5 0  9992
2 00604  50.0000  90.0000 0002000  90.0000  85.0000 13.31034704  9993
Satellite_1150_7_5
1 00605U 00000A   23121.00000000  .00000000  00000+0  12222-5 0  9993
2 00605  50.0000  90.0000 0002000  90.0000 105.0000 13.31034704  9997
Satellite_1150_7_6
1 00606U 00000A   23121.00000000  .00000000  00000+0  12222-5 0  9994
2 00606  50.0000  90.0000 0002000  90.0000 125.0000 13.31034704  9990
Satellite_1150_7_7
1 00607U 00000A   23121.00000000  .00000000  00000+0  12222-5 0  9995
2 00607  50.0000  90.0000 0002000  90.0000 145.0000 13.31034704  9993
Satellite_1150_7_8
1 00608U 00000A   23121.00000000  .00000000  00000+0  12222-5 0  9996
2 00608  50.0000  90.0000 0002000  90.0000 165.0000 13.31034704  9996
Satellite_1150_7_9
1 00609U 00000A   23121.00000000  .00000000  00000+0  12222-5 0  9997
2 00609  50.0000  90.0000 0002000  90.0000 185.0000 13.31034704  9999
Satellite_1150_7_10
1 00610U 00000A   23121.00000000  .00000000  00000+0  12222-5 0  9999
2 00610  50.0000  90.0000 0002000  90.0000 205.0000 13.31034704  9994
Satellite_1150_7_11
1 00611U 00000A   23121.00000000  .00000000  00000+0  12222-5 0  9990
2 00611  50.0000  90.0000 0002000  90.0000 225.0000 13.31034704  9997
Satellite_1150_7_12
1 00612U 00000A   23121.00000000  .00000000  00000+0  12222-5 0  9991
2 00612  50.0000  90.0000 0002000  90.0000 245.0000 13.31034704  9990
Satellite_1150_7_13
1 00613U 00000A   23121.00000000  .00000000  00000+0  12222-5 0  9992
2 00613  50.0000  90.0000 0002000  90.0000 265.0000 13.31034704  9993
Satellite_1150_7_14
1 00614U 00000A   23121.00000000  .00000000  00000+0  12222-5 0  9993
2 00614  50.0000  90.0000 0002000  90.0000 285.0000 13.31034704  9996
Satellite_1150_7_15
1 00615U 00000A   23121.00000000  .00000000  00000+0  12222-5 0  9994
2 00615  50.0000  90.0000 0002000  90.0000 305.0000 13.31034704  9990
Satellite_1150_7_16
1 00616U 00000A   23121.00000000  .00000000  00000+0  12222-5 0  9995
2 00616  50.0000  90.0000 0002000  90.0000 325.0000 13.31034704  9993
Satellite_1150_7_17
1 00617U 00000A   23121.00000000  .00000000  00000+0  12222-5 0  9996
2 00617  50.0000  90.0000 0002000  90.0000 345.0000 13.31034704  9996
Satellite_1150_7_18
1 00618U 00000A   23121.00000000  .00000000  00000+0  12222-5 0  9997
2 00618  50.0000  90.0000 0002000  90.0000 365.0000 13.31034704  9999
Satellite_1150_8_1
1 00701U 00000A   23121.00000000  .00000000  00000+0  12222-5 0  9990
2 00701  50.0000 105.0000 0002000  80.0000  29.1667 13.31034704  9995
Satellite_1150_8_2
1 00702U 00000A   23121.00000000  .00000000  00000+0  12222-5 0  9991
2 00702  50.0000 105.0000 0002000  80.0000  49.1667 13.31034704  9998
Satellite_1150_8_3
1 00703U 00000A   23121.00000000  .00000000  00000+0  12222-5 0  9992
2 00703  50.0000 105.0000 0002000  80.0000  69.1667 13.31034704  9991
Satellite_1150_8_4
1 00704U 00000A   23121.00000000  .00000000  00000+0  12222-5 0  9993
2 00704  50.0000 105.0000 0002000  80.0000  89.1667 13.31034704  9994
Satellite_1150_8_5
1 00705U 00000A   23121.00000000  .00000000  00000+0  12222-5 0  9994
2 00705  50.0000 105.0000 0002000  80.0000 109.1667 13.31034704  9998
Satellite_1150_8_6
1 00706U 00000A   23121.00000000  .00000000  00000+0  12222-5 0  9995
2 00706  50.0000 105.0000 0002000  80.0000 129.1667 13.31034704  9991
Satellite_1150_8_7
1 00707U 00000A   23121.00000000  .00000000  00000+0  12222-5 0  9996
2 00707  50.0000 105.0000 0002000  80.0000 149.1667 13.31034704  9994
Satellite_1150_8_8
1 00708U 00000A   23121.00000000  .00000000  00000+0  12222-5 0  9997
2 00708  50.0000 105.0000 0002000  80.0000 169.1667 13.31034704  9997
Satellite_1150_8_9
1 00709U 00000A   23121.00000000  .00000000  00000+0  12222-5 0  9998
2 00709  50.0000 105.0000 0002000  80.0000 189.1667 13.31034704  9990
Satellite_1150_8_10
1 00710U 00000A   23121.00000000  .00000000  00000+0  12222-5 0  9990
2 00710  50.0000 105.0000 0002000  80.0000 209.1667 13.31034704  9995
Satellite_1150_8_11
1 00711U 00000A   23121.00000000  .00000000  00000+0  12222-5 0  9991
2 00711  50.0000 105.0000 0002000  80.0000 229.1667 13.31034704  9998
Satellite_1150_8_12
1 00712U 00000A   23121.00000000  .00000000  00000+0  12222-5 0  9992
2 00712  50.0000 105.0000 0002000  80.0000 249.1667 13.31034704  9991
Satellite_1150_8_13
1 00713U 00000A   23121.00000000  .00000000  00000+0  12222-5 0  9993
2 00713  50.0000 105.0000 0002000  80.0000 269.1667 13.31034704  9994
Satellite_1150_8_14
1 00714U 00000A   23121.00000000  .00000000  00000+0  12222-5 0  9994
2 00714  50.0000 105.0000 0002000  80.0000 289.1667 13.31034704  9997
Satellite_1150_8_15
1 00715U 00000A   23121.00000000  .00000000  00000+0  12222-5 0  9995
2 00715  50.0000 105.0000 0002000  80.0000 309.1667 13.31034704  9991
Satellite_1150_8_16
1 00716U 00000A   23121.00000000  .00000000  00000+0  12222-5 0  9996
2 00716  50.0000 105.0000 0002000  80.0000 329.1667 13.31034704  9994
Satellite_1150_8_17
1 00717U 00000A   23121.00000000  .00000000  00000+0  12222-5 0  9997
2 00717  50.0000 105.0000 0002000  80.0000 349.1667 13.31034704  9997
Satellite_1150_8_18
1 00718U 00000A   23121.00000000  .00000000  00000+0  12222-5 0  9998
2 00718  50.0000 105.0000 0002000  80.0000 369.1667 13.31034704  9990
Satellite_1150_9_1
1 00801U 00000A   23121.00000000  .00000000  00000+0  12222-5 0  9991
2 00801  50.0000 120.0000 0002000  90.0000  33.3333 13.31034704  9991
Satellite_1150_9_2
1 00802U 00000A   23121.00000000  .00000000  00000+0  12222-5 0  9992
2 00802  50.0000 120.0000 0002000  90.0000  53.3333 13.31034704  9994
Satellite_1150_9_3
1 00803U 00000A   23121.00000000  .00000000  00000+0  12222-5 0  9993
2 00803  50.0000 120.0000 0002000  90.0000  73.3333 13.31034704  9997
Satellite_1150_9_4
1 00804U 00000A   23121.00000000  .00000000  00000+0  12222-5 0  9994
2 00804  50.0000 120.0000 0002000  90.0000  93.3333 13.31034704  9990
Satellite_1150_9_5
1 00805U 00000A   23121.00000000  .00000000  00000+0  12222-5 0  9995
2 00805  50.0000 120.0000 0002000  90.0000 113.3333 13.31034704  9994
Satellite_1150_9_6
1 00806U 00000A   23121.00000000  .00000000  00000+0  12222-5 0  9996
2 00806  50.0000 120.0000 0002000  90.0000 133.3333 13.31034704  9997
Satellite_1150_9_7
1 00807U 00000A   23121.00000000  .00000000  00000+0  12222-5 0  9997
2 00807  50.0000 120.0000 0002000  90.0000 153.3333 13.31034704  9990
Satellite_1150_9_8
1 00808U 00000A   23121.00000000  .00000000  00000+0  12222-5 0  9998
2 00808  50.0000 120.0000 0002000  90.0000 173.3333 13.31034704  9993
Satellite_1150_9_9
1 00809U 00000A   23121.00000000  .00000000  00000+0  12222-5 0  9999
2 00809  50.0000 120.0000 0002000  90.0000 193.3333 13.31034704  9996
Satellite_1150_9_10
1 00810U 00000A   23121.00000000  .00000000  00000+0  12222-5 0  9991
2 00810  50.0000 120.0000 0002000  90.0000 213.3333 13.31034704  9991
Satellite_1150_9_11
1 00811U 00000A   23121.00000000  .00000000  00000+0  12222-5 0  9992
2 00811  50.0000 120.0000 0002000  90.0000 233.3333 13.31034704  9994
Satellite_1150_9_12
1 00812U 00000A   23121.00000000  .00000000  00000+0  12222-5 0  9993
2 00812  50.0000 120.0000 0002000  90.0000 253.3333 13.31034704  9997
Satellite_1150_9_13
1 00813U 00000A   23121.00000000  .00000000  00000+0  12222-5 0  9994
2 00813  50.0000 120.0000 0002000  90.0000 273.3333 13.31034704  9990
Satellite_1150_9_14
1 00814U 00000A   23121.00000000  .00000000  00000+0  12222-5 0  9995
2 00814  50.0000 120.0000 0002000  90.0000 293.3333 13.31034704  9993
Satellite_1150_9_15
1 00815U 00000A   23121.00000000  .00000000  00000+0  12222-5 0  9996
2 00815  50.0000 120.0000 0002000  90.0000 313.3333 13.31034704  9997
Satellite_1150_9_16
1 00816U 00000A   23121.00000000  .00000000  00000+0  12222-5 0  9997
2 00816  50.0000 120.0000 0002000  90.0000 333.3333 13.31034704  9990
Satellite_1150_9_17
1 00817U 00000A   23121.00000000  .00000000  00000+0  12222-5 0  9998
2 00817  50.0000 120.0000 0002000  90.0000 353.3333 13.31034704  9993
Satellite_1150_9_18
1 00818U 00000A   23121.00000000  .00000000  00000+0  12222-5 0  9999
2 00818  50.0000 120.0000 0002000  90.0000 373.3333 13.31034704  9996
Satellite_1150_10_1
1 00901U 00000A   23121.00000000  .00000000  00000+0  12222-5 0  9992
2 00901  50.0000 135.0000 0002000  80.0000  37.5000 13.31034704  9994
Satellite_1150_10_2
1 00902U 00000A   23121.00000000  .00000000  00000+0  12222-5 0  9993
2 00902  50.0000 135.0000 0002000  80.0000  57.5000 13.31034704  9997
Satellite_1150_10_3
1 00903U 00000A   23121.00000000  .00000000  00000+0  12222-5 0  9994
2 00903  50.0000 135.0000 0002000  80.0000  77.5000 13.31034704  9990
Satellite_1150_10_4
1 00904U 00000A   23121.00000000  .00000000  00000+0  12222-5 0  9995
2 00904  50.0000 135.0000 0002000  80.0000  97.5000 13.31034704  9993
Satellite_1150_10_5
1 00905U 00000A   23121.00000000  .00000000  00000+0  12222-5 0  9996
2 00905  50.0000 135.0000 0002000  80.0000 117.5000 13.31034704  9997
Satellite_1150_10_6
1 00906U 00000A   23121.00000000  .00000000  00000+0  12222-5 0  9997
2 00906  50.0000 135.0000 0002000  80.0000 137.5000 13.31034704  9990
Satellite_1150_10_7
1 00907U 00000A   23121.00000000  .00000000  00000+0  12222-5 0  9998
2 00907  50.0000 135.0000 0002000  80.0000 157.5000 13.31034704  9993
Satellite_1150_10_8
1 00908U 00000A   23121.00000000  .00000000  00000+0  12222-5 0  9999
2 00908  50.0000 135.0000 0002000  80.0000 177.5000 13.31034704  9996
Satellite_1150_10_9
1 00909U 00000A   23121.00000000  .00000000  00000+0  12222-5 0  9990
2 00909  50.0000 135.0000 0002000  80.0000 197.5000 13.31034704  9999
Satellite_1150_10_10
1 00910U 00000A   23121.00000000  .00000000  00000+0  12222-5 0  9992
2 00910  50.0000 135.0000 0002000  80.0000 217.5000 13.31034704  9994
Satellite_1150_10_11
1 00911U 00000A   23121.00000000  .00000000  00000+0  12222-5 0  9993
2 00911  50.0000 135.0000 0002000  80.0000 237.5000 13.31034704  9997
Satellite_1150_10_12
1 00912U 00000A   23121.00000000  .00000000  00000+0  12222-5 0  9994
2 00912  50.0000 135.0000 0002000  80.0000 257.5000 13.31034704  9990
Satellite_1150_10_13
1 00913U 00000A   23121.00000000  .00000000  00000+0  12222-5 0  9995
2 00913  50.0000 135.0000 0002000  80.0000 277.5000 13.31034704  9993
Satellite_1150_10_14
1 00914U 00000A   23121.00000000  .00000000  00000+0  12222-5 0  9996
2 00914  50.0000 135.0000 0002000  80.0000 297.5000 13.31034704  9996
Satellite_1150_10_15
1 00915U 00000A   23121.00000000  .00000000  00000+0  12222-5 0  9997
2 00915  50.0000 135.0000 0002000  80.0000 317.5000 13.31034704  9990
Satellite_1150_10_16
1 00916U 00000A   23121.00000000  .00000000  00000+0  12222-5 0  9998
2 00916  50.0000 135.0000 0002000  80.0000 337.5000 13.31034704  9993
Satellite_1150_10_17
1 00917U 00000A   23121.00000000  .00000000  00000+0  12222-5 0  9999
2 00917  50.0000 135.0000 0002000  80.0000 357.5000 13.31034704  9996
Satellite_1150_10_18
1 00918U 00000A   23121.00000000  .00000000  00000+0  12222-5 0  9990
2 00918  50.0000 135.0000 0002000  80.0000 377.5000 13.31034704  9999
Satellite_1150_11_1
1 01001U 00000A   23121.00000000  .00000000  00000+0  12222-5 0  9994
2 01001  50.0000 150.0000 0002000  90.0000  41.6667 13.31034704  9999
Satellite_1150_11_2
1 01002U 00000A   23121.00000000  .00000000  00000+0  12222-5 0  9995
2 01002  50.0000 150.0000 0002000  90.0000  61.6667 13.31034704  9992
Satellite_1150_11_3
1 01003U 00000A   23121.00000000  .00000000  00000+0  12222-5 0  9996
2 01003  50.0000 150.0000 0002000  90.0000  81.6667 13.31034704  9995
Satellite_1150_11_4
1 01004U 00000A   23121.00000000  .00000000  00000+0  12222-5 0  9997
2 01004  50.0000 150.0000 0002000  90.0000 101.6667 13.31034704  9999
Satellite_1150_11_5
1 01005U 00000A   23121.00000000  .00000000  00000+0  12222-5 0  9998
2 01005  50.0000 150.0000 0002000  90.0000 121.6667 13.31034704  9992
Satellite_1150_11_6
1 01006U 00000A   23121.00000000  .00000000  00000+0  12222-5 0  9999
2 01006  50.0000 150.0000 0002000  90.0000 141.6667 13.31034704  9995
Satellite_1150_11_7
1 01007U 00000A   23121.00000000  .00000000  00000+0  12222-5 0  9990
2 01007  50.0000 150.0000 0002000  90.0000 161.6667 13.31034704  9998
Satellite_1150_11_8
1 01008U 00000A   23121.00000000  .00000000  00000+0  12222-5 0  9991
2 01008  50.0000 150.0000 0002000  90.0000 181.6667 13.31034704  9991
Satellite_1150_11_9
1 01009U 00000A   23121.00000000  .00000000  00000+0  12222-5 0  9992
2 01009  50.0000 150.0000 0002000  90.0000 201.6667 13.31034704  9995
Satellite_1150_11_10
1 01010U 00000A   23121.00000000  .00000000  00000+0  12222-5 0  9994
2 01010  50.0000 150.0000 0002000  90.0000 221.6667 13.31034704  9999
Satellite_1150_11_11
1 01011U 00000A   23121.00000000  .00000000  00000+0  12222-5 0  9995
2 01011  50.0000 150.0000 0002000  90.0000 241.6667 13.31034704  9992
Satellite_1150_11_12
1 01012U 00000A   23121.00000000  .00000000  00000+0  12222-5 0  9996
2 01012  50.0000 150.0000 0002000  90.0000 261.6667 13.31034704  9995
Satellite_1150_11_13
1 01013U 00000A   23121.00000000  .00000000  00000+0  12222-5 0  9997
2 01013  50.0000 150.0000 0002000  90.0000 281.6667 13.31034704  9998
Satellite_1150_11_14
1 01014U 00000A   23121.00000000  .00000000  00000+0  12222-5 0  9998
2 01014  50.0000 150.0000 0002000  90.0000 301.6667 13.31034704  9992
Satellite_1150_11_15
1 01015U 00000A   23121.00000000  .00000000  00000+0  12222-5 0  9999
2 01015  50.0000 150.0000 0002000  90.0000 321.6667 13.31034704  9995
Satellite_1150_11_16
1 01016U 00000A   23121.00000000  .00000000  00000+0  12222-5 0  9990
2 01016  50.0000 150.0000 0002000  90.0000 341.6667 13.31034704  9998
Satellite_1150_11_17
1 01017U 00000A   23121.00000000  .00000000  00000+0  12222-5 0  9991
2 01017  50.0000 150.0000 0002000  90.0000 361.6667 13.31034704  9991
Satellite_1150_11_18
1 01018U 00000A   23121.00000000  .00000000  00000+0  12222-5 0  9992
2 01018  50.0000 150.0000 0002000  90.0000 381.6667 13.31034704  9994
Satellite_1150_12_1
1 01101U 00000A   23121.00000000  .00000000  00000+0  12222-5 0  9995
2 01101  50.0000 165.0000 0002000  80.0000  45.8333 13.31034704  9991
Satellite_1150_12_2
1 01102U 00000A   23121.00000000  .00000000  00000+0  12222-5 0  9996
2 01102  50.0000 165.0000 0002000  80.0000  65.8333 13.31034704  9994
Satellite_1150_12_3
1 01103U 00000A   23121.00000000  .00000000  00000+0  12222-5 0  9997
2 01103  50.0000 165.0000 0002000  80.0000  85.8333 13.31034704  9997
Satellite_1150_12_4
1 01104U 00000A   23121.00000000  .00000000  00000+0  12222-5 0  9998
2 01104  50.0000 165.0000 0002000  80.0000 105.8333 13.31034704  9991
Satellite_1150_12_5
1 01105U 00000A   23121.00000000  .00000000  00000+0  12222-5 0  9999
2 01105  50.0000 165.0000 0002000  80.0000 125.8333 13.31034704  9994
Satellite_1150_12_6
1 01106U 00000A   23121.00000000  .00000000  00000+0  12222-5 0  9990
2 01106  50.0000 165.0000 0002000  80.0000 145.8333 13.31034704  9997
Satellite_1150_12_7
1 01107U 00000A   23121.00000000  .00000000  00000+0  12222-5 0  9991
2 01107  50.0000 165.0000 0002000  80.0000 165.8333 13.31034704  9990
Satellite_1150_12_8
1 01108U 00000A   23121.00000000  .00000000  00000+0  12222-5 0  9992
2 01108  50.0000 165.0000 0002000  80.0000 185.8333 13.31034704  9993
Satellite_1150_12_9
1 01109U 00000A   23121.00000000  .00000000  00000+0  12222-5 0  9993
2 01109  50.0000 165.0000 0002000  80.0000 205.8333 13.31034704  9997
Satellite_1150_12_10
1 01110U 00000A   23121.00000000  .00000000  00000+0  12222-5 0  9995
2 01110  50.0000 165.0000 0002000  80.0000 225.8333 13.31034704  9991
Satellite_1150_12_11
1 01111U 00000A   23121.00000000  .00000000  00000+0  12222-5 0  9996
2 01111  50.0000 165.0000 0002000  80.0000 245.8333 13.31034704  9994
Satellite_1150_12_12
1 01112U 00000A   23121.00000000  .00000000  00000+0  12222-5 0  9997
2 01112  50.0000 165.0000 0002000  80.0000 265.8333 13.31034704  9997
Satellite_1150_12_13
1 01113U 00000A   23121.00000000  .00000000  00000+0  12222-5 0  9998
2 01113  50.0000 165.0000 0002000  80.0000 285.8333 13.31034704  9990
Satellite_1150_12_14
1 01114U 00000A   23121.00000000  .00000000  00000+0  12222-5 0  9999
2 01114  50.0000 165.0000 0002000  80.0000 305.8333 13.31034704  9994
Satellite_1150_12_15
1 01115U 00000A   23121.00000000  .00000000  00000+0  12222-5 0  9990
2 01115  50.0000 165.0000 0002000  80.0000 325.8333 13.31034704  9997
Satellite_1150_12_16
1 01116U 00000A   23121.00000000  .00000000  00000+0  12222-5 0  9991
2 01116  50.0000 165.0000 0002000  80.0000 345.8333 13.31034704  9990
Satellite_1150_12_17
1 01117U 00000A   23121.00000000  .00000000  00000+0  12222-5 0  9992
2 01117  50.0000 165.0000 0002000  80.0000 365.8333 13.31034704  9993
Satellite_1150_12_18
1 01118U 00000A   23121.00000000  .00000000  00000+0  12222-5 0  9993
2 01118  50.0000 165.0000 0002000  80.0000 385.8333 13.31034704  9996
Satellite_1150_13_1
1 01201U 00000A   23121.00000000  .00000000  00000+0  12222-5 0  9996
2 01201  50.0000 180.0000 0002000  90.0000  50.0000 13.31034704  9999
Satellite_1150_13_2
1 01202U 00000A   23121.00000000  .00000000  00000+0  12222-5 0  9997
2 01202  50.0000 180.0000 0002000  90.0000  70.0000 13.31034704  9992
Satellite_1150_13_3
1 01203U 00000A   23121.00000000  .00000000  00000+0  12222-5 0  9998
2 01203  50.0000 180.0000 0002000  90.0000  90.0000 13.31034704  9995
Satellite_1150_13_4
1 01204U 00000A   23121.00000000  .00000000  00000+0  12222-5 0  9999
2 01204  50.0000 180.0000 0002000  90.0000 110.0000 13.31034704  9999
Satellite_1150_13_5
1 01205U 00000A   23121.00000000  .00000000  00000+0  12222-5 0  9990
2 01205  50.0000 180.0000 0002000  90.0000 130.0000 13.31034704  9992
Satellite_1150_13_6
1 01206U 00000A   23121.00000000  .00000000  00000+0  12222-5 0  9991
2 01206  50.0000 180.0000 0002000  90.0000 150.0000 13.31034704  9995
Satellite_1150_13_7
1 01207U 00000A   23121.00000000  .00000000  00000+0  12222-5 0  9992
2 01207  50.0000 180.0000 0002000  90.0000 170.0000 13.31034704  9998
Satellite_1150_13_8
1 01208U 00000A   23121.00000000  .00000000  00000+0  12222-5 0  9993
2 01208  50.0000 180.0000 0002000  90.0000 190.0000 13.31034704  9991
Satellite_1150_13_9
1 01209U 00000A   23121.00000000  .00000000  00000+0  12222-5 0  9994
2 01209  50.0000 180.0000 0002000  90.0000 210.0000 13.31034704  9995
Satellite_1150_13_10
1 01210U 00000A   23121.00000000  .00000000  00000+0  12222-5 0  9996
2 01210  50.0000 180.0000 0002000  90.0000 230.0000 13.31034704  9999
Satellite_1150_13_11
1 01211U 00000A   23121.00000000  .00000000  00000+0  12222-5 0  9997
2 01211  50.0000 180.0000 0002000  90.0000 250.0000 13.31034704  9992
Satellite_1150_13_12
1 01212U 00000A   23121.00000000  .00000000  00000+0  12222-5 0  9998
2 01212  50.0000 180.0000 0002000  90.0000 270.0000 13.31034704  9995
Satellite_1150_13_13
1 01213U 00000A   23121.00000000  .00000000  00000+0  12222-5 0  9999
2 01213  50.0000 180.0000 0002000  90.0000 290.0000 13.31034704  9998
Satellite_1150_13_14
1 01214U 00000A   23121.00000000  .00000000  00000+0  12222-5 0  9990
2 01214  50.0000 180.0000 0002000  90.0000 310.0000 13.31034704  9992
Satellite_1150_13_15
1 01215U 00000A   23121.00000000  .00000000  00000+0  12222-5 0  9991
2 01215  50.0000 180.0000 0002000  90.0000 330.0000 13.31034704  9995
Satellite_1150_13_16
1 01216U 00000A   23121.00000000  .00000000  00000+0  12222-5 0  9992
2 01216  50.0000 180.0000 0002000  90.0000 350.0000 13.31034704  9998
Satellite_1150_13_17
1 01217U 00000A   23121.00000000  .00000000  00000+0  12222-5 0  9993
2 01217  50.0000 180.0000 0002000  90.0000 370.0000 13.31034704  9991
Satellite_1150_13_18
1 01218U 00000A   23121.00000000  .00000000  00000+0  12222-5 0  9994
2 01218  50.0000 180.0000 0002000  90.0000 390.0000 13.31034704  9994
Satellite_1150_14_1
1 01301U 00000A   23121.00000000  .00000000  00000+0  12222-5 0  9997
2 01301  50.0000 195.0000 0002000  80.0000  54.1667 13.31034704  9999
Satellite_1150_14_2
1 01302U 00000A   23121.00000000  .00000000  00000+0  12222-5 0  9998
2 01302  50.0000 195.0000 0002000  80.0000  74.1667 13.31034704  9992
Satellite_1150_14_3
1 01303U 00000A   23121.00000000  .00000000  00000+0  12222-5 0  9999
2 01303  50.0000 195.0000 0002000  80.0000  94.1667 13.31034704  9995
Satellite_1150_14_4
1 01304U 00000A   23121.00000000  .00000000  00000+0  12222-5 0  9990
2 01304  50.0000 195.0000 0002000  80.0000 114.1667 13.31034704  9999
Satellite_1150_14_5
1 01305U 00000A   23121.00000000  .00000000  00000+0  12222-5 0  9991
2 01305  50.0000 195.0000 0002000  80.0000 134.1667 13.31034704  9992
Satellite_1150_14_6
1 01306U 00000A   23121.00000000  .00000000  00000+0  12222-5 0  9992
2 01306  50.0000 195.0000 0002000  80.0000 154.1667 13.31034704  9995
Satellite_1150_14_7
1 01307U 00000A   23121.00000000  .00000000  00000+0  12222-5 0  9993
2 01307  50.0000 195.0000 0002000  80.0000 174.1667 13.31034704  9998
Satellite_1150_14_8
1 01308U 00000A   23121.00000000  .00000000  00000+0  12222-5 0  9994
2 01308  50.0000 195.0000 0002000  80.0000 194.1667 13.31034704  9991
Satellite_1150_14_9
1 01309U 00000A   23121.00000000  .00000000  00000+0  12222-5 0  9995
2 01309  50.0000 195.0000 0002000  80.0000 214.1667 13.31034704  9995
Satellite_1150_14_10
1 01310U 00000A   23121.00000000  .00000000  00000+0  12222-5 0  9997
2 01310  50.0000 195.0000 0002000  80.0000 234.1667 13.31034704  9999
Satellite_1150_14_11
1 01311U 00000A   23121.00000000  .00000000  00000+0  12222-5 0  9998
2 01311  50.0000 195.0000 0002000  80.0000 254.1667 13.31034704  9992
Satellite_1150_14_12
1 01312U 00000A   23121.00000000  .00000000  00000+0  12222-5 0  9999
2 01312  50.0000 195.0000 0002000  80.0000 274.1667 13.31034704  9995
Satellite_1150_14_13
1 01313U 00000A   23121.00000000  .00000000  00000+0  12222-5 0  9990
2 01313  50.0000 195.0000 0002000  80.0000 294.1667 13.31034704  9998
Satellite_1150_14_14
1 01314U 00000A   23121.00000000  .00000000  00000+0  12222-5 0  9991
2 01314  50.0000 195.0000 0002000  80.0000 314.1667 13.31034704  9992
Satellite_1150_14_15
1 01315U 00000A   23121.00000000  .00000000  00000+0  12222-5 0  9992
2 01315  50.0000 195.0000 0002000  80.0000 334.1667 13.31034704  9995
Satellite_1150_14_16
1 01316U 00000A   23121.00000000  .00000000  00000+0  12222-5 0  9993
2 01316  50.0000 195.0000 0002000  80.0000 354.1667 13.31034704  9998
Satellite_1150_14_17
1 01317U 00000A   23121.00000000  .00000000  00000+0  12222-5 0  9994
2 01317  50.0000 195.0000 0002000  80.0000 374.1667 13.31034704  9991
Satellite_1150_14_18
1 01318U 00000A   23121.00000000  .00000000  00000+0  12222-5 0  9995
2 01318  50.0000 195.0000 0002000  80.0000 394.1667 13.31034704  9994
Satellite_1150_15_1
1 01401U 00000A   23121.00000000  .00000000  00000+0  12222-5 0  9998
2 01401  50.0000 210.0000 0002000  90.0000  58.3333 13.31034704  9995
Satellite_1150_15_2
1 01402U 00000A   23121.00000000  .00000000  00000+0  12222-5 0  9999
2 01402  50.0000 210.0000 0002000  90.0000  78.3333 13.31034704  9998
Satellite_1150_15_3
1 01403U 00000A   23121.00000000  .00000000  00000+0  12222-5 0  9990
2 01403  50.0000 210.0000 0002000  90.0000  98.3333 13.31034704  9991
Satellite_1150_15_4
1 01404U 00000A   23121.00000000  .00000000  00000+0  12222-5 0  9991
2 01404  50.0000 210.0000 0002000  90.0000 118.3333 13.31034704  9995
Satellite_1150_15_5
1 01405U 00000A   23121.00000000  .00000000  00000+0  12222-5 0  9992
2 01405  50.0000 210.0000 0002000  90.0000 138.3333 13.31034704  9998
Satellite_1150_15_6
1 01406U 00000A   23121.00000000  .00000000  00000+0  12222-5 0  9993
2 01406  50.0000 210.0000 0002000  90.0000 158.3333 13.31034704  9991
Satellite_1150_15_7
1 01407U 00000A   23121.00000000  .00000000  00000+0  12222-5 0  9994
2 01407  50.0000 210.0000 0002000  90.0000 178.3333 13.31034704  9994
Satellite_1150_15_8
1 01408U 00000A   23121.00000000  .00000000  00000+0  12222-5 0  9995
2 01408  50.0000 210.0000 0002000  90.0000 198.3333 13.31034704  9997
Satellite_1150_15_9
1 01409U 00000A   23121.00000000  .00000000  00000+0  12222-5 0  9996
2 01409  50.0000 210.0000 0002000  90.0000 218.3333 13.31034704  9991
Satellite_1150_15_10
1 01410U 00000A   23121.00000000  .00000000  00000+0  12222-5 0  9998
2 01410  50.0000 210.0000 0002000  90.0000 238.3333 13.31034704  9995
Satellite_1150_15_11
1 01411U 00000A   23121.00000000  .00000000  00000+0  12222-5 0  9999
2 01411  50.0000 210.0000 0002000  90.0000 258.3333 13.31034704  9998
Satellite_1150_15_12
1 01412U 00000A   23121.00000000  .00000000  00000+0  12222-5 0  9990
2 01412  50.0000 210.0000 0002000  90.0000 278.3333 13.31034704  9991
Satellite_1150_15_13
1 01413U 00000A   23121.00000000  .00000000  00000+0  12222-5 0  9991
2 01413  50.0000 210.0000 0002000  90.0000 298.3333 13.31034704  9994
Satellite_1150_15_14
1 01414U 00000A   23121.00000000  .00000000  00000+0  12222-5 0  9992
2 01414  50.0000 210.0000 0002000  90.0000 318.3333 13.31034704  9998
Satellite_1150_15_15
1 01415U 00000A   23121.00000000  .00000000  00000+0  12222-5 0  9993
2 01415  50.0000 210.0000 0002000  90.0000 338.3333 13.31034704  9991
Satellite_1150_15_16
1 01416U 00000A   23121.00000000  .00000000  00000+0  12222-5 0  9994
2 01416  50.0000 210.0000 0002000  90.0000 358.3333 13.31034704  9994
Satellite_1150_15_17
1 01417U 00000A   23121.00000000  .00000000  00000+0  12222-5 0  9995
2 01417  50.0000 210.0000 0002000  90.0000 378.3333 13.31034704  9997
Satellite_1150_15_18
1 01418U 00000A   23121.00000000  .00000000  00000+0  12222-5 0  9996
2 01418  50.0000 210.0000 0002000  90.0000 398.3333 13.31034704  9990
Satellite_1150_16_1
1 01501U 00000A   23121.00000000  .00000000  00000+0  12222-5 0  9999
2 01501  50.0000 225.0000 0002000  80.0000  62.5000 13.31034704  9999
Satellite_1150_16_2
1 01502U 00000A   23121.00000000  .00000000  00000+0  12222-5 0  9990
2 01502  50.0000 225.0000 0002000  80.0000  82.5000 13.31034704  9992
Satellite_1150_16_3
1 01503U 00000A   23121.00000000  .00000000  00000+0  12222-5 0  9991
2 01503  50.0000 225.0000 0002000  80.0000 102.5000 13.31034704  9996
Satellite_1150_16_4
1 01504U 00000A   23121.00000000  .00000000  00000+0  12222-5 0  9992
2 01504  50.0000 225.0000 0002000  80.0000 122.5000 13.31034704  9999
Satellite_1150_16_5
1 01505U 00000A   23121.00000000  .00000000  00000+0  12222-5 0  9993
2 01505  50.0000 225.0000 0002000  80.0000 142.5000 13.31034704  9992
Satellite_1150_16_6
1 01506U 00000A   23121.00000000  .00000000  00000+0  12222-5 0  9994
2 01506  50.0000 225.0000 0002000  80.0000 162.5000 13.31034704  9995
Satellite_1150_16_7
1 01507U 00000A   23121.00000000  .00000000  00000+0  12222-5 0  9995
2 01507  50.0000 225.0000 0002000  80.0000 182.5000 13.31034704  9998
Satellite_1150_16_8
1 01508U 00000A   23121.00000000  .00000000  00000+0  12222-5 0  9996
2 01508  50.0000 225.0000 0002000  80.0000 202.5000 13.31034704  9992
Satellite_1150_16_9
1 01509U 00000A   23121.00000000  .00000000  00000+0  12222-5 0  9997
2 01509  50.0000 225.0000 0002000  80.0000 222.5000 13.31034704  9995
Satellite_1150_16_10
1 01510U 00000A   23121.00000000  .00000000  00000+0  12222-5 0  9999
2 01510  50.0000 225.0000 0002000  80.0000 242.5000 13.31034704  9999
Satellite_1150_16_11
1 01511U 00000A   23121.00000000  .00000000  00000+0  12222-5 0  9990
2 01511  50.0000 225.0000 0002000  80.0000 262.5000 13.31034704  9992
Satellite_1150_16_12
1 01512U 00000A   23121.00000000  .00000000  00000+0  12222-5 0  9991
2 01512  50.0000 225.0000 0002000  80.0000 282.5000 13.31034704  9995
Satellite_1150_16_13
1 01513U 00000A   23121.00000000  .00000000  00000+0  12222-5 0  9992
2 01513  50.0000 225.0000 0002000  80.0000 302.5000 13.31034704  9999
Satellite_1150_16_14
1 01514U 00000A   23121.00000000  .00000000  00000+0  12222-5 0  9993
2 01514  50.0000 225.0000 0002000  80.0000 322.5000 13.31034704  9992
Satellite_1150_16_15
1 01515U 00000A   23121.00000000  .00000000  00000+0  12222-5 0  9994
2 01515  50.0000 225.0000 0002000  80.0000 342.5000 13.31034704  9995
Satellite_1150_16_16
1 01516U 00000A   23121.00000000  .00000000  00000+0  12222-5 0  9995
2 01516  50.0000 225.0000 0002000  80.0000 362.5000 13.31034704  9998
Satellite_1150_16_17
1 01517U 00000A   23121.00000000  .00000000  00000+0  12222-5 0  9996
2 01517  50.0000 225.0000 0002000  80.0000 382.5000 13.31034704  9991
Satellite_1150_16_18
1 01518U 00000A   23121.00000000  .00000000  00000+0  12222-5 0  9997
2 01518  50.0000 225.0000 0002000  80.0000 402.5000 13.31034704  9995
Satellite_1150_17_1
1 01601U 00000A   23121.00000000  .00000000  00000+0  12222-5 0  9990
2 01601  50.0000 240.0000 0002000  90.0000  66.6667 13.31034704  9992
Satellite_1150_17_2
1 01602U 00000A   23121.00000000  .00000000  00000+0  12222-5 0  9991
2 01602  50.0000 240.0000 0002000  90.0000  86.6667 13.31034704  9995
Satellite_1150_17_3
1 01603U 00000A   23121.00000000  .00000000  00000+0  12222-5 0  9992
2 01603  50.0000 240.0000 0002000  90.0000 106.6667 13.31034704  9999
Satellite_1150_17_4
1 01604U 00000A   23121.00000000  .00000000  00000+0  12222-5 0  9993
2 01604  50.0000 240.0000 0002000  90.0000 126.6667 13.31034704  9992
Satellite_1150_17_5
1 01605U 00000A   23121.00000000  .00000000  00000+0  12222-5 0  9994
2 01605  50.0000 240.0000 0002000  90.0000 146.6667 13.31034704  9995
Satellite_1150_17_6
1 01606U 00000A   23121.00000000  .00000000  00000+0  12222-5 0  9995
2 01606  50.0000 240.0000 0002000  90.0000 166.6667 13.31034704  9998
Satellite_1150_17_7
1 01607U 00000A   23121.00000000  .00000000  00000+0  12222-5 0  9996
2 01607  50.0000 240.0000 0002000  90.0000 186.6667 13.31034704  9991
Satellite_1150_17_8
1 01608U 00000A   23121.00000000  .00000000  00000+0  12222-5 0  9997
2 01608  50.0000 240.0000 0002000  90.0000 206.6667 13.31034704  9995
Satellite_1150_17_9
1 01609U 00000A   23121.00000000  .00000000  00000+0  12222-5 0  9998
2 01609  50.0000 240.0000 0002000  90.0000 226.6667 13.31034704  9998
Satellite_1150_17_10
1 01610U 00000A   23121.00000000  .00000000  00000+0  12222-5 0  9990
2 01610  50.0000 240.0000 0002000  90.0000 246.6667 13.31034704  9992
Satellite_1150_17_11
1 01611U 00000A   23121.00000000  .00000000  00000+0  12222-5 0  9991
2 01611  50.0000 240.0000 0002000  90.0000 266.6667 13.31034704  9995
Satellite_1150_17_12
1 01612U 00000A   23121.00000000  .00000000  00000+0  12222-5 0  9992
2 01612  50.0000 240.0000 0002000  90.0000 286.6667 13.31034704  9998
Satellite_1150_17_13
1 01613U 00000A   23121.00000000  .00000000  00000+0  12222-5 0  9993
2 01613  50.0000 240.0000 0002000  90.0000 306.6667 13.31034704  9992
Satellite_1150_17_14
1 01614U 00000A   23121.00000000  .00000000  00000+0  12222-5 0  9994
2 01614  50.0000 240.0000 0002000  90.0000 326.6667 13.31034704  9995
Satellite_1150_17_15
1 01615U 00000A   23121.00000000  .00000000  00000+0  12222-5 0  9995
2 01615  50.0000 240.0000 0002000  90.0000 346.6667 13.31034704  9998
Satellite_1150_17_16
1 01616U 00000A   23121.00000000  .00000000  00000+0  12222-5 0  9996
2 01616  50.0000 240.0000 0002000  90.0000 366.6667 13.31034704  9991
Satellite_1150_17_17
1 01617U 00000A   23121.00000000  .00000000  00000+0  12222-5 0  9997
2 01617  50.0000 240.0000 0002000  90.0000 386.6667 13.31034704  9994
Satellite_1150_17_18
1 01618U 00000A   23121.00000000  .00000000  00000+0  12222-5 0  9998
2 01618  50.0000 240.0000 0002000  90.0000 406.6667 13.31034704  9998
Satellite_1150_18_1
1 01701U 00000A   23121.00000000  .00000000  00000+0  12222-5 0  9991
2 01701  50.0000 255.0000 0002000  80.0000  70.8333 13.31034704  9995
Satellite_1150_18_2
1 01702U 00000A   23121.00000000  .00000000  00000+0  12222-5 0  9992
2 01702  50.0000 255.0000 0002000  80.0000  90.8333 13.31034704  9998
Satellite_1150_18_3
1 01703U 00000A   23121.00000000  .00000000  00000+0  12222-5 0  9993
2 01703  50.0000 255.0000 0002000  80.0000 110.8333 13.31034704  9992
Satellite_1150_18_4
1 01704U 00000A   23121.00000000  .00000000  00000+0  12222-5 0  9994
2 01704  50.0000 255.0000 0002000  80.0000 130.8333 13.31034704  9995
Satellite_1150_18_5
1 01705U 00000A   23121.00000000  .00000000  00000+0  12222-5 0  9995
2 01705  50.0000 255.0000 0002000  80.0000 150.8333 13.31034704  9998
Satellite_1150_18_6
1 01706U 00000A   23121.00000000  .00000000  00000+0  12222-5 0  9996
2 01706  50.0000 255.0000 0002000  80.0000 170.8333 13.31034704  9991
Satellite_1150_18_7
1 01707U 00000A   23121.00000000  .00000000  00000+0  12222-5 0  9997
2 01707  50.0000 255.0000 0002000  80.0000 190.8333 13.31034704  9994
Satellite_1150_18_8
1 01708U 00000A   23121.00000000  .00000000  00000+0  12222-5 0  9998
2 01708  50.0000 255.0000 0002000  80.0000 210.8333 13.31034704  9998
Satellite_1150_18_9
1 01709U 00000A   23121.00000000  .00000000  00000+0  12222-5 0  9999
2 01709  50.0000 255.0000 0002000  80.0000 230.8333 13.31034704  9991
Satellite_1150_18_10
1 01710U 00000A   23121.00000000  .00000000  00000+0  12222-5 0  9991
2 01710  50.0000 255.0000 0002000  80.0000 250.8333 13.31034704  9995
Satellite_1150_18_11
1 01711U 00000A   23121.00000000  .00000000  00000+0  12222-5 0  9992
2 01711  50.0000 255.0000 0002000  80.0000 270.8333 13.31034704  9998
Satellite_1150_18_12
1 01712U 00000A   23121.00000000  .00000000  00000+0  12222-5 0  9993
2 01712  50.0000 255.0000 0002000  80.0000 290.8333 13.31034704  9991
Satellite_1150_18_13
1 01713U 00000A   23121.00000000  .00000000  00000+0  12222-5 0  9994
2 01713  50.0000 255.0000 0002000  80.0000 310.8333 13.31034704  9995
Satellite_1150_18_14
1 01714U 00000A   23121.00000000  .00000000  00000+0  12222-5 0  9995
2 01714  50.0000 255.0000 0002000  80.0000 330.8333 13.31034704  9998
Satellite_1150_18_15
1 01715U 00000A   23121.00000000  .00000000  00000+0  12222-5 0  9996
2 01715  50.0000 255.0000 0002000  80.0000 350.8333 13.31034704  9991
Satellite_1150_18_16
1 01716U 00000A   23121.00000000  .00000000  00000+0  12222-5 0  9997
2 01716  50.0000 255.0000 0002000  80.0000 370.8333 13.31034704  9994
Satellite_1150_18_17
1 01717U 00000A   23121.00000000  .00000000  00000+0  12222-5 0  9998
2 01717  50.0000 255.0000 0002000  80.0000 390.8333 13.31034704  9997
Satellite_1150_18_18
1 01718U 00000A   23121.00000000  .00000000  00000+0  12222-5 0  9999
2 01718  50.0000 255.0000 0002000  80.0000 410.8333 13.31034704  9991
Satellite_1150_19_1
1 01801U 00000A   23121.00000000  .00000000  00000+0  12222-5 0  9992
2 01801  50.0000 270.0000 0002000  90.0000  75.0000 13.31034704  9992
Satellite_1150_19_2
1 01802U 00000A   23121.00000000  .00000000  00000+0  12222-5 0  9993
2 01802  50.0000 270.0000 0002000  90.0000  95.0000 13.31034704  9995
Satellite_1150_19_3
1 01803U 00000A   23121.00000000  .00000000  00000+0  12222-5 0  9994
2 01803  50.0000 270.0000 0002000  90.0000 115.0000 13.31034704  9999
Satellite_1150_19_4
1 01804U 00000A   23121.00000000  .00000000  00000+0  12222-5 0  9995
2 01804  50.0000 270.0000 0002000  90.0000 135.0000 13.31034704  9992
Satellite_1150_19_5
1 01805U 00000A   23121.00000000  .00000000  00000+0  12222-5 0  9996
2 01805  50.0000 270.0000 0002000  90.0000 155.0000 13.31034704  9995
Satellite_1150_19_6
1 01806U 00000A   23121.00000000  .00000000  00000+0  12222-5 0  9997
2 01806  50.0000 270.0000 0002000  90.0000 175.0000 13.31034704  9998
Satellite_1150_19_7
1 01807U 00000A   23121.00000000  .00000000  00000+0  12222-5 0  9998
2 01807  50.0000 270.0000 0002000  90.0000 195.0000 13.31034704  9991
Satellite_1150_19_8
1 01808U 00000A   23121.00000000  .00000000  00000+0  12222-5 0  9999
2 01808  50.0000 270.0000 0002000  90.0000 215.0000 13.31034704  9995
Satellite_1150_19_9
1 01809U 00000A   23121.00000000  .00000000  00000+0  12222-5 0  9990
2 01809  50.0000 270.0000 0002000  90.0000 235.0000 13.31034704  9998
Satellite_1150_19_10
1 01810U 00000A   23121.00000000  .00000000  00000+0  12222-5 0  9992
2 01810  50.0000 270.0000 0002000  90.0000 255.0000 13.31034704  9992
Satellite_1150_19_11
1 01811U 00000A   23121.00000000  .00000000  00000+0  12222-5 0  9993
2 01811  50.0000 270.0000 0002000  90.0000 275.0000 13.31034704  9995
Satellite_1150_19_12
1 01812U 00000A   23121.00000000  .00000000  00000+0  12222-5 0  9994
2 01812  50.0000 270.0000 0002000  90.0000 295.0000 13.31034704  9998
Satellite_1150_19_13
1 01813U 00000A   23121.00000000  .00000000  00000+0  12222-5 0  9995
2 01813  50.0000 270.0000 0002000  90.0000 315.0000 13.31034704  9992
Satellite_1150_19_14
1 01814U 00000A   23121.00000000  .00000000  00000+0  12222-5 0  9996
2 01814  50.0000 270.0000 0002000  90.0000 335.0000 13.31034704  9995
Satellite_1150_19_15
1 01815U 00000A   23121.00000000  .00000000  00000+0  12222-5 0  9997
2 01815  50.0000 270.0000 0002000  90.0000 355.0000 13.31034704  9998
Satellite_1150_19_16
1 01816U 00000A   23121.00000000  .00000000  00000+0  12222-5 0  9998
2 01816  50.0000 270.0000 0002000  90.0000 375.0000 13.31034704  9991
Satellite_1150_19_17
1 01817U 00000A   23121.00000000  .00000000  00000+0  12222-5 0  9999
2 01817  50.0000 270.0000 0002000  90.0000 395.0000 13.31034704  9994
Satellite_1150_19_18
1 01818U 00000A   23121.00000000  .00000000  00000+0  12222-5 0  9990
2 01818  50.0000 270.0000 0002000  90.0000 415.0000 13.31034704  9998
Satellite_1150_20_1
1 01901U 00000A   23121.00000000  .00000000  00000+0  12222-5 0  9993
2 01901  50.0000 285.0000 0002000  80.0000  79.1667 13.31034704  9992
Satellite_1150_20_2
1 01902U 00000A   23121.00000000  .00000000  00000+0  12222-5 0  9994
2 01902  50.0000 285.0000 0002000  80.0000  99.1667 13.31034704  9995
Satellite_1150_20_3
1 01903U 00000A   23121.00000000  .00000000  00000+0  12222-5 0  9995
2 01903  50.0000 285.0000 0002000  80.0000 119.1667 13.31034704  9999
Satellite_1150_20_4
1 01904U 00000A   23121.00000000  .00000000  00000+0  12222-5 0  9996
2 01904  50.0000 285.0000 0002000  80.0000 139.1667 13.31034704  9992
Satellite_1150_20_5
1 01905U 00000A   23121.00000000  .00000000  00000+0  12222-5 0  9997
2 01905  50.0000 285.0000 0002000  80.0000 159.1667 13.31034704  9995
Satellite_1150_20_6
1 01906U 00000A   23121.00000000  .00000000  00000+0  12222-5 0  9998
2 01906  50.0000 285.0000 0002000  80.0000 179.1667 13.31034704  9998
Satellite_1150_20_7
1 01907U 00000A   23121.00000000  .00000000  00000+0  12222-5 0  9999
2 01907  50.0000 285.0000 0002000  80.0000 199.1667 13.31034704  9991
Satellite_1150_20_8
1 01908U 00000A   23121.00000000  .00000000  00000+0  12222-5 0  9990
2 01908  50.0000 285.0000 0002000  80.0000 219.1667 13.31034704  9995
Satellite_1150_20_9
1 01909U 00000A   23121.00000000  .00000000  00000+0  12222-5 0  9991
2 01909  50.0000 285.0000 0002000  80.0000 239.1667 13.31034704  9998
Satellite_1150_20_10
1 01910U 00000A   23121.00000000  .00000000  00000+0  12222-5 0  9993
2 01910  50.0000 285.0000 0002000  80.0000 259.1667 13.31034704  9992
Satellite_1150_20_11
1 01911U 00000A   23121.00000000  .00000000  00000+0  12222-5 0  9994
2 01911  50.0000 285.0000 0002000  80.0000 279.1667 13.31034704  9995
Satellite_1150_20_12
1 01912U 00000A   23121.00000000  .00000000  00000+0  12222-5 0  9995
2 01912  50.0000 285.0000 0002000  80.0000 299.1667 13.31034704  9998
Satellite_1150_20_13
1 01913U 00000A   23121.00000000  .00000000  00000+0  12222-5 0  9996
2 01913  50.0000 285.0000 0002000  80.0000 319.1667 13.31034704  9992
Satellite_1150_20_14
1 01914U 00000A   23121.00000000  .00000000  00000+0  12222-5 0  9997
2 01914  50.0000 285.0000 0002000  80.0000 339.1667 13.31034704  9995
Satellite_1150_20_15
1 01915U 00000A   23121.00000000  .00000000  00000+0  12222-5 0  9998
2 01915  50.0000 285.0000 0002000  80.0000 359.1667 13.31034704  9998
Satellite_1150_20_16
1 01916U 00000A   23121.00000000  .00000000  00000+0  12222-5 0  9999
2 01916  50.0000 285.0000 0002000  80.0000 379.1667 13.31034704  9991
Satellite_1150_20_17
1 01917U 00000A   23121.00000000  .00000000  00000+0  12222-5 0  9990
2 01917  50.0000 285.0000 0002000  80.0000 399.1667 13.31034704  9994
Satellite_1150_20_18
1 01918U 00000A   23121.00000000  .00000000  00000+0  12222-5 0  9991
2 01918  50.0000 285.0000 0002000  80.0000 419.1667 13.31034704  9998
Satellite_1150_21_1
1 02001U 00000A   23121.00000000  .00000000  00000+0  12222-5 0  9995
2 02001  50.0000 300.0000 0002000  90.0000  83.3333 13.31034704  9990
Satellite_1150_21_2
1 02002U 00000A   23121.00000000  .00000000  00000+0  12222-5 0  9996
2 02002  50.0000 300.0000 0002000  90.0000 103.3333 13.31034704  9994
Satellite_1150_21_3
1 02003U 00000A   23121.00000000  .00000000  00000+0  12222-5 0  9997
2 02003  50.0000 300.0000 0002000  90.0000 123.3333 13.31034704  9997
Satellite_1150_21_4
1 02004U 00000A   23121.00000000  .00000000  00000+0  12222-5 0  9998
2 02004  50.0000 300.0000 0002000  90.0000 143.3333 13.31034704  9990
Satellite_1150_21_5
1 02005U 00000A   23121.00000000  .00000000  00000+0  12222-5 0  9999
2 02005  50.0000 300.0000 0002000  90.0000 163.3333 13.31034704  9993
Satellite_1150_21_6
1 02006U 00000A   23121.00000000  .00000000  00000+0  12222-5 0  9990
2 02006  50.0000 300.0000 0002000  90.0000 183.3333 13.31034704  9996
Satellite_1150_21_7
1 02007U 00000A   23121.00000000  .00000000  00000+0  12222-5 0  9991
2 02007  50.0000 300.0000 0002000  90.0000 203.3333 13.31034704  9990
Satellite_1150_21_8
1 02008U 00000A   23121.00000000  .00000000  00000+0  12222-5 0  9992
2 02008  50.0000 300.0000 0002000  90.0000 223.3333 13.31034704  9993
Satellite_1150_21_9
1 02009U 00000A   23121.00000000  .00000000  00000+0  12222-5 0  9993
2 02009  50.0000 300.0000 0002000  90.0000 243.3333 13.31034704  9996
Satellite_1150_21_10
1 02010U 00000A   23121.00000000  .00000000  00000+0  12222-5 0  9995
2 02010  50.0000 300.0000 0002000  90.0000 263.3333 13.31034704  9990
Satellite_1150_21_11
1 02011U 00000A   23121.00000000  .00000000  00000+0  12222-5 0  9996
2 02011  50.0000 300.0000 0002000  90.0000 283.3333 13.31034704  9993
Satellite_1150_21_12
1 02012U 00000A   23121.00000000  .00000000  00000+0  12222-5 0  9997
2 02012  50.0000 300.0000 0002000  90.0000 303.3333 13.31034704  9997
Satellite_1150_21_13
1 02013U 00000A   23121.00000000  .00000000  00000+0  12222-5 0  9998
2 02013  50.0000 300.0000 0002000  90.0000 323.3333 13.31034704  9990
Satellite_1150_21_14
1 02014U 00000A   23121.00000000  .00000000  00000+0  12222-5 0  9999
2 02014  50.0000 300.0000 0002000  90.0000 343.3333 13.31034704  9993
Satellite_1150_21_15
1 02015U 00000A   23121.00000000  .00000000  00000+0  12222-5 0  9990
2 02015  50.0000 300.0000 0002000  90.0000 363.3333 13.31034704  9996
Satellite_1150_21_16
1 02016U 00000A   23121.00000000  .00000000  00000+0  12222-5 0  9991
2 02016  50.0000 300.0000 0002000  90.0000 383.3333 13.31034704  9999
Satellite_1150_21_17
1 02017U 00000A   23121.00000000  .00000000  00000+0  12222-5 0  9992
2 02017  50.0000 300.0000 0002000  90.0000 403.3333 13.31034704  9993
Satellite_1150_21_18
1 02018U 00000A   23121.00000000  .00000000  00000+0  12222-5 0  9993
2 02018  50.0000 300.0000 0002000  90.0000 423.3333 13.31034704  9996
Satellite_1150_22_1
1 02101U 00000A   23121.00000000  .00000000  00000+0  12222-5 0  9996
2 02101  50.0000 315.0000 0002000  80.0000  87.5000 13.31034704  9993
Satellite_1150_22_2
1 02102U 00000A   23121.00000000  .00000000  00000+0  12222-5 0  9997
2 02102  50.0000 315.0000 0002000  80.0000 107.5000 13.31034704  9997
Satellite_1150_22_3
1 02103U 00000A   23121.00000000  .00000000  00000+0  12222-5 0  9998
2 02103  50.0000 315.0000 0002000  80.0000 127.5000 13.31034704  9990
Satellite_1150_22_4
1 02104U 00000A   23121.00000000  .00000000  00000+0  12222-5 0  9999
2 02104  50.0000 315.0000 0002000  80.0000 147.5000 13.31034704  9993
Satellite_1150_22_5
1 02105U 00000A   23121.00000000  .00000000  00000+0  12222-5 0  9990
2 02105  50.0000 315.0000 0002000  80.0000 167.5000 13.31034704  9996
Satellite_1150_22_6
1 02106U 00000A   23121.00000000  .00000000  00000+0  12222-5 0  9991
2 02106  50.0000 315.0000 0002000  80.0000 187.5000 13.31034704  9999
Satellite_1150_22_7
1 02107U 00000A   23121.00000000  .00000000  00000+0  12222-5 0  9992
2 02107  50.0000 315.0000 0002000  80.0000 207.5000 13.31034704  9993
Satellite_1150_22_8
1 02108U 00000A   23121.00000000  .00000000  00000+0  12222-5 0  9993
2 02108  50.0000 315.0000 0002000  80.0000 227.5000 13.31034704  9996
Satellite_1150_22_9
1 02109U 00000A   23121.00000000  .00000000  00000+0  12222-5 0  9994
2 02109  50.0000 315.0000 0002000  80.0000 247.5000 13.31034704  9999
Satellite_1150_22_10
1 02110U 00000A   23121.00000000  .00000000  00000+0  12222-5 0  9996
2 02110  50.0000 315.0000 0002000  80.0000 267.5000 13.31034704  9993
Satellite_1150_22_11
1 02111U 00000A   23121.00000000  .00000000  00000+0  12222-5 0  9997
2 02111  50.0000 315.0000 0002000  80.0000 287.5000 13.31034704  9996
Satellite_1150_22_12
1 02112U 00000A   23121.00000000  .00000000  00000+0  12222-5 0  9998
2 02112  50.0000 315.0000 0002000  80.0000 307.5000 13.31034704  9990
Satellite_1150_22_13
1 02113U 00000A   23121.00000000  .00000000  00000+0  12222-5 0  9999
2 02113  50.0000 315.0000 0002000  80.0000 327.5000 13.31034704  9993
Satellite_1150_22_14
1 02114U 00000A   23121.00000000  .00000000  00000+0  12222-5 0  9990
2 02114  50.0000 315.0000 0002000  80.0000 347.5000 13.31034704  9996
Satellite_1150_22_15
1 02115U 00000A   23121.00000000  .00000000  00000+0  12222-5 0  9991
2 02115  50.0000 315.0000 0002000  80.0000 367.5000 13.31034704  9999
Satellite_1150_22_16
1 02116U 00000A   23121.00000000  .00000000  00000+0  12222-5 0  9992
2 02116  50.0000 315.0000 0002000  80.0000 387.5000 13.31034704  9992
Satellite_1150_22_17
1 02117U 00000A   23121.00000000  .00000000  00000+0  12222-5 0  9993
2 02117  50.0000 315.0000 0002000  80.0000 407.5000 13.31034704  9996
Satellite_1150_22_18
1 02118U 00000A   23121.00000000  .00000000  00000+0  12222-5 0  9994
2 02118  50.0000 315.0000 0002000  80.0000 427.5000 13.31034704  9999
Satellite_1150_23_1
1 02201U 00000A   23121.00000000  .00000000  00000+0  12222-5 0  9997
2 02201  50.0000 330.0000 0002000  90.0000  91.6667 13.31034704  9997
Satellite_1150_23_2
1 02202U 00000A   23121.00000000  .00000000  00000+0  12222-5 0  9998
2 02202  50.0000 330.0000 0002000  90.0000 111.6667 13.31034704  9991
Satellite_1150_23_3
1 02203U 00000A   23121.00000000  .00000000  00000+0  12222-5 0  9999
2 02203  50.0000 330.0000 0002000  90.0000 131.6667 13.31034704  9994
Satellite_1150_23_4
1 02204U 00000A   23121.00000000  .00000000  00000+0  12222-5 0  9990
2 02204  50.0000 330.0000 0002000  90.0000 151.6667 13.31034704  9997
Satellite_1150_23_5
1 02205U 00000A   23121.00000000  .00000000  00000+0  12222-5 0  9991
2 02205  50.0000 330.0000 0002000  90.0000 171.6667 13.31034704  9990
Satellite_1150_23_6
1 02206U 00000A   23121.00000000  .00000000  00000+0  12222-5 0  9992
2 02206  50.0000 330.0000 0002000  90.0000 191.6667 13.31034704  9993
Satellite_1150_23_7
1 02207U 00000A   23121.00000000  .00000000  00000+0  12222-5 0  9993
2 02207  50.0000 330.0000 0002000  90.0000 211.6667 13.31034704  9997
Satellite_1150_23_8
1 02208U 00000A   23121.00000000  .00000000  00000+0  12222-5 0  9994
2 02208  50.0000 330.0000 0002000  90.0000 231.6667 13.31034704  9990
Satellite_1150_23_9
1 02209U 00000A   23121.00000000  .00000000  00000+0  12222-5 0  9995
2 02209  50.0000 330.0000 0002000  90.0000 251.6667 13.31034704  9993
Satellite_1150_23_10
1 02210U 00000A   23121.00000000  .00000000  00000+0  12222-5 0  9997
2 02210  50.0000 330.0000 0002000  90.0000 271.6667 13.31034704  9997
Satellite_1150_23_11
1 02211U 00000A   23121.00000000  .00000000  00000+0  12222-5 0  9998
2 02211  50.0000 330.0000 0002000  90.0000 291.6667 13.31034704  9990
Satellite_1150_23_12
1 02212U 00000A   23121.00000000  .00000000  00000+0  12222-5 0  9999
2 02212  50.0000 330.0000 0002000  90.0000 311.6667 13.31034704  9994
Satellite_1150_23_13
1 02213U 00000A   23121.00000000  .00000000  00000+0  12222-5 0  9990
2 02213  50.0000 330.0000 0002000  90.0000 331.6667 13.31034704  9997
Satellite_1150_23_14
1 02214U 00000A   23121.00000000  .00000000  00000+0  12222-5 0  9991
2 02214  50.0000 330.0000 0002000  90.0000 351.6667 13.31034704  9990
Satellite_1150_23_15
1 02215U 00000A   23121.00000000  .00000000  00000+0  12222-5 0  9992
2 02215  50.0000 330.0000 0002000  90.0000 371.6667 13.31034704  9993
Satellite_1150_23_16
1 02216U 00000A   23121.00000000  .00000000  00000+0  12222-5 0  9993
2 02216  50.0000 330.0000 0002000  90.0000 391.6667 13.31034704  9996
Satellite_1150_23_17
1 02217U 00000A   23121.00000000  .00000000  00000+0  12222-5 0  9994
2 02217  50.0000 330.0000 0002000  90.0000 411.6667 13.31034704  9990
Satellite_1150_23_18
1 02218U 00000A   23121.00000000  .00000000  00000+0  12222-5 0  9995
2 02218  50.0000 330.0000 0002000  90.0000 431.6667 13.31034704  9993
Satellite_1150_24_1
1 02301U 00000A   23121.00000000  .00000000  00000+0  12222-5 0  9998
2 02301  50.0000 345.0000 0002000  80.0000  95.8333 13.31034704  9999
Satellite_1150_24_2
1 02302U 00000A   23121.00000000  .00000000  00000+0  12222-5 0  9999
2 02302  50.0000 345.0000 0002000  80.0000 115.8333 13.31034704  9993
Satellite_1150_24_3
1 02303U 00000A   23121.00000000  .00000000  00000+0  12222-5 0  9990
2 02303  50.0000 345.0000 0002000  80.0000 135.8333 13.31034704  9996
Satellite_1150_24_4
1 02304U 00000A   23121.00000000  .00000000  00000+0  12222-5 0  9991
2 02304  50.0000 345.0000 0002000  80.0000 155.8333 13.31034704  9999
Satellite_1150_24_5
1 02305U 00000A   23121.00000000  .00000000  00000+0  12222-5 0  9992
2 02305  50.0000 345.0000 0002000  80.0000 175.8333 13.31034704  9992
Satellite_1150_24_6
1 02306U 00000A   23121.00000000  .00000000  00000+0  12222-5 0  9993
2 02306  50.0000 345.0000 0002000  80.0000 195.8333 13.31034704  9995
Satellite_1150_24_7
1 02307U 00000A   23121.00000000  .00000000  00000+0  12222-5 0  9994
2 02307  50.0000 345.0000 0002000  80.0000 215.8333 13.31034704  9999
Satellite_1150_24_8
1 02308U 00000A   23121.00000000  .00000000  00000+0  12222-5 0  9995
2 02308  50.0000 345.0000 0002000  80.0000 235.8333 13.31034704  9992
Satellite_1150_24_9
1 02309U 00000A   23121.00000000  .00000000  00000+0  12222-5 0  9996
2 02309  50.0000 345.0000 0002000  80.0000 255.8333 13.31034704  9995
Satellite_1150_24_10
1 02310U 00000A   23121.00000000  .00000000  00000+0  12222-5 0  9998
2 02310  50.0000 345.0000 0002000  80.0000 275.8333 13.31034704  9999
Satellite_1150_24_11
1 02311U 00000A   23121.00000000  .00000000  00000+0  12222-5 0  9999
2 02311  50.0000 345.0000 0002000  80.0000 295.8333 13.31034704  9992
Satellite_1150_24_12
1 02312U 00000A   23121.00000000  .00000000  00000+0  12222-5 0  9990
2 02312  50.0000 345.0000 0002000  80.0000 315.8333 13.31034704  9996
Satellite_1150_24_13
1 02313U 00000A   23121.00000000  .00000000  00000+0  12222-5 0  9991
2 02313  50.0000 345.0000 0002000  80.0000 335.8333 13.31034704  9999
Satellite_1150_24_14
1 02314U 00000A   23121.00000000  .00000000  00000+0  12222-5 0  9992
2 02314  50.0000 345.0000 0002000  80.0000 355.8333 13.31034704  9992
Satellite_1150_24_15
1 02315U 00000A   23121.00000000  .00000000  00000+0  12222-5 0  9993
2 02315  50.0000 345.0000 0002000  80.0000 375.8333 13.31034704  9995
Satellite_1150_24_16
1 02316U 00000A   23121.00000000  .00000000  00000+0  12222-5 0  9994
2 02316  50.0000 345.0000 0002000  80.0000 395.8333 13.31034704  9998
Satellite_1150_24_17
1 02317U 00000A   23121.00000000  .00000000  00000+0  12222-5 0  9995
2 02317  50.0000 345.0000 0002000  80.0000 415.8333 13.31034704  9992
Satellite_1150_24_18
1 02318U 00000A   23121.00000000  .00000000  00000+0  12222-5 0  9996
2 02318  50.0000 345.0000 0002000  80.0000 435.8333 13.31034704  9995
